0 0 128 112 void 3 1
0 1 128 112 void 3 1
0 2 128 112 void 3 1
0 3 128 112 void 3 1
0 4 128 112 void 3 1
0 5 128 112 void 3 1
0 6 128 112 void 3 1
0 7 128 112 void 3 1
0 8 128 112 void 3 1
0 9 128 112 void 3 1
0 10 128 112 void 3 1
0 11 128 112 void 3 1
0 12 128 112 void 3 1
0 13 128 112 void 3 1
0 14 128 112 void 3 1
0 15 128 112 void 3 1
0 16 128 112 void 3 1
0 17 128 112 void 3 1
0 18 128 112 void 3 1
0 19 128 112 void 3 1
0 20 128 112 void 3 1
0 21 128 112 void 3 1
0 22 128 112 void 3 1
0 23 128 112 void 3 1
0 24 128 112 void 3 1
0 25 128 112 void 3 1
0 26 128 112 void 3 1
0 27 128 112 void 3 1
0 28 128 112 void 3 1
0 29 128 112 void 3 1
0 30 128 112 void 3 1
0 31 128 112 void 3 1
1 0 128 112 void 3 1
1 1 128 112 void 3 1
1 2 128 112 void 3 1
1 3 128 112 void 3 1
1 4 128 112 void 3 1
1 5 128 112 void 3 1
1 6 128 112 void 3 1
1 7 128 112 void 3 1
1 8 128 112 void 3 1
1 9 128 112 void 3 1
1 10 128 112 void 3 1
1 11 128 112 void 3 1
1 12 128 112 void 3 1
1 13 128 112 void 3 1
1 14 128 112 void 3 1
1 15 128 112 void 3 1
1 16 128 112 void 3 1
1 17 128 112 void 3 1
1 18 128 112 void 3 1
1 19 128 112 void 3 1
1 20 128 112 void 3 1
1 21 128 112 void 3 1
1 22 128 112 void 3 1
1 23 128 112 void 3 1
1 24 128 112 void 3 1
1 25 128 112 void 3 1
1 26 128 112 void 3 1
1 27 128 112 void 3 1
1 28 128 112 void 3 1
1 29 128 112 void 3 1
1 30 128 112 void 3 1
1 31 128 112 void 3 1
2 0 128 112 void 3 1
2 1 128 112 void 3 1
2 2 128 112 void 3 1
2 3 128 112 void 3 1
2 4 128 112 void 3 1
2 5 128 112 void 3 1
2 6 128 112 void 3 1
2 7 128 112 void 3 1
2 8 128 112 void 3 1
2 9 128 112 void 3 1
2 10 128 112 void 3 1
2 11 128 112 void 3 1
2 12 128 112 void 3 1
2 13 128 112 void 3 1
2 14 128 112 void 3 1
2 15 128 112 void 3 1
2 16 128 112 void 3 1
2 17 128 112 void 3 1
2 18 128 112 void 3 1
2 19 128 112 void 3 1
2 20 128 112 void 3 1
2 21 128 112 void 3 1
2 22 128 112 void 3 1
2 23 128 112 void 3 1
2 24 128 112 void 3 1
2 25 128 112 void 3 1
2 26 128 112 void 3 1
2 27 128 112 void 3 1
2 28 128 112 void 3 1
2 29 128 112 void 3 1
2 30 128 112 void 3 1
2 31 128 112 void 3 1
3 0 128 112 void 3 1
3 1 128 112 void 3 1
3 2 128 112 void 3 1
3 3 128 112 void 3 1
3 4 128 112 void 3 1
3 5 128 112 void 3 1
3 6 128 112 void 3 1
3 7 128 112 void 3 1
3 8 128 112 void 3 1
3 9 128 112 void 3 1
3 10 128 112 void 3 1
3 11 128 112 void 3 1
3 12 128 112 void 3 1
3 13 128 112 void 3 1
3 14 128 112 void 3 1
3 15 128 112 void 3 1
3 16 128 112 void 3 1
3 17 128 112 void 3 1
3 18 128 112 void 3 1
3 19 128 112 void 3 1
3 20 128 112 void 3 1
3 21 128 112 void 3 1
3 22 128 112 void 3 1
3 23 128 112 void 3 1
3 24 128 112 void 3 1
3 25 128 112 void 3 1
3 26 128 112 void 3 1
3 27 128 112 void 3 1
3 28 128 112 void 3 1
3 29 128 112 void 3 1
3 30 128 112 void 3 1
3 31 128 112 void 3 1
4 0 128 112 void 3 1
4 1 128 112 void 3 1
4 2 128 112 void 3 1
4 3 128 112 void 3 1
4 4 128 112 void 3 1
4 5 128 112 void 3 1
4 6 128 112 void 3 1
4 7 128 112 void 3 1
4 8 128 112 void 3 1
4 9 128 112 void 3 1
4 10 128 112 void 3 1
4 11 128 112 void 3 1
4 12 128 112 void 3 1
4 13 128 112 void 3 1
4 14 128 112 void 3 1
4 15 128 112 void 3 1
4 16 128 112 void 3 1
4 17 128 112 void 3 1
4 18 128 112 void 3 1
4 19 128 112 void 3 1
4 20 128 112 void 3 1
4 21 128 112 void 3 1
4 22 128 112 void 3 1
4 23 128 112 void 3 1
4 24 128 112 void 3 1
4 25 128 112 void 3 1
4 26 128 112 void 3 1
4 27 128 112 void 3 1
4 28 128 112 void 3 1
4 29 128 112 void 3 1
4 30 128 112 void 3 1
4 31 128 112 void 3 1
5 0 128 112 void 3 1
5 1 128 112 void 3 1
5 2 128 112 void 3 1
5 3 128 112 void 3 1
5 4 128 112 void 3 1
5 5 128 112 void 3 1
5 6 128 112 void 3 1
5 7 128 112 void 3 1
5 8 128 112 void 3 1
5 9 128 112 void 3 1
5 10 128 112 void 3 1
5 11 128 112 void 3 1
5 12 128 112 void 3 1
5 13 128 112 void 3 1
5 14 128 112 void 3 1
5 15 128 112 void 3 1
5 16 128 112 void 3 1
5 17 128 112 void 3 1
5 18 128 112 void 3 1
5 19 128 112 void 3 1
5 20 128 112 void 3 1
5 21 128 112 void 3 1
5 22 128 112 void 3 1
5 23 128 112 void 3 1
5 24 128 112 void 3 1
5 25 128 112 void 3 1
5 26 128 112 void 3 1
5 27 128 112 void 3 1
5 28 128 112 void 3 1
5 29 128 112 void 3 1
5 30 128 112 void 3 1
5 31 128 112 void 3 1
6 0 128 112 void 3 1
6 1 128 112 void 3 1
6 2 128 112 void 3 1
6 3 128 112 void 3 1
6 4 128 112 void 3 1
6 5 128 112 void 3 1
6 6 128 112 void 3 1
6 7 128 112 void 3 1
6 8 128 112 void 3 1
6 9 128 112 void 3 1
6 10 128 112 void 3 1
6 11 128 112 void 3 1
6 12 128 112 void 3 1
6 13 128 112 void 3 1
6 14 128 112 void 3 1
6 15 128 112 void 3 1
6 16 128 112 void 3 1
6 17 128 112 void 3 1
6 18 128 112 void 3 1
6 19 128 112 void 3 1
6 20 128 112 void 3 1
6 21 128 112 void 3 1
6 22 128 112 void 3 1
6 23 128 112 void 3 1
6 24 128 112 void 3 1
6 25 128 112 void 3 1
6 26 128 112 void 3 1
6 27 128 112 void 3 1
6 28 128 112 void 3 1
6 29 128 112 void 3 1
6 30 128 112 void 3 1
6 31 128 112 void 3 1
7 0 128 112 void 3 1
7 1 128 112 void 3 1
7 2 128 112 void 3 1
7 3 128 112 void 3 1
7 4 128 112 void 3 1
7 5 128 112 void 3 1
7 6 128 112 void 3 1
7 7 128 112 void 3 1
7 8 128 112 void 3 1
7 9 128 112 void 3 1
7 10 128 112 void 3 1
7 11 128 112 void 3 1
7 12 128 112 void 3 1
7 13 128 112 void 3 1
7 14 128 112 void 3 1
7 15 128 112 void 3 1
7 16 128 112 void 3 1
7 17 128 112 void 3 1
7 18 128 112 void 3 1
7 19 128 112 void 3 1
7 20 128 112 void 3 1
7 21 128 112 void 3 1
7 22 128 112 void 3 1
7 23 128 112 void 3 1
7 24 128 112 void 3 1
7 25 128 112 void 3 1
7 26 128 112 void 3 1
7 27 128 112 void 3 1
7 28 128 112 void 3 1
7 29 128 112 void 3 1
7 30 128 112 void 3 1
7 31 128 112 void 3 1
8 0 128 112 void 3 1
8 1 128 112 void 3 1
8 2 128 112 void 3 1
8 3 128 112 void 3 1
8 4 128 112 void 3 1
8 5 128 112 void 3 1
8 6 128 112 void 3 1
8 7 128 112 void 3 1
8 8 128 112 void 3 1
8 9 128 112 void 3 1
8 10 128 112 void 3 1
8 11 128 112 void 3 1
8 12 128 112 void 3 1
8 13 128 112 void 3 1
8 14 128 112 void 3 1
8 15 128 112 void 3 1
8 16 128 112 void 3 1
8 17 128 112 void 3 1
8 18 128 112 void 3 1
8 19 128 112 void 3 1
8 20 128 112 void 3 1
8 21 128 112 void 3 1
8 22 128 112 void 3 1
8 23 128 112 void 3 1
8 24 128 112 void 3 1
8 25 128 112 void 3 1
8 26 128 112 void 3 1
8 27 128 112 void 3 1
8 28 128 112 void 3 1
8 29 128 112 void 3 1
8 30 128 112 void 3 1
8 31 128 112 void 3 1
9 0 128 112 void 3 1
9 1 128 112 void 3 1
9 2 128 112 void 3 1
9 3 128 112 void 3 1
9 4 128 112 void 3 1
9 5 128 112 void 3 1
9 6 128 112 void 3 1
9 7 128 112 void 3 1
9 8 128 112 void 3 1
9 9 128 112 void 3 1
9 10 128 112 void 3 1
9 11 128 112 void 3 1
9 12 128 112 void 3 1
9 13 128 112 void 3 1
9 14 128 112 void 3 1
9 15 128 112 void 3 1
9 16 128 112 void 3 1
9 17 128 112 void 3 1
9 18 128 112 void 3 1
9 19 128 112 void 3 1
9 20 128 112 void 3 1
9 21 128 112 void 3 1
9 22 128 112 void 3 1
9 23 128 112 void 3 1
9 24 128 112 void 3 1
9 25 128 112 void 3 1
9 26 128 112 void 3 1
9 27 128 112 void 3 1
9 28 128 112 void 3 1
9 29 128 112 void 3 1
9 30 128 112 void 3 1
9 31 128 112 void 3 1
10 0 128 112 void 3 1
10 1 128 112 void 3 1
10 2 128 112 void 3 1
10 3 128 112 void 3 1
10 4 128 112 void 3 1
10 5 128 112 void 3 1
10 6 128 112 void 3 1
10 7 128 112 void 3 1
10 8 128 112 void 3 1
10 9 128 112 void 3 1
10 10 128 112 void 3 1
10 11 128 112 void 3 1
10 12 128 112 void 3 1
10 13 128 112 void 3 1
10 14 128 112 void 3 1
10 15 128 112 void 3 1
10 16 128 112 void 3 1
10 17 128 112 void 3 1
10 18 128 112 void 3 1
10 19 128 112 void 3 1
10 20 128 112 void 3 1
10 21 128 112 void 3 1
10 22 128 112 void 3 1
10 23 128 112 void 3 1
10 24 128 112 void 3 1
10 25 128 112 void 3 1
10 26 128 112 void 3 1
10 27 128 112 void 3 1
10 28 128 112 void 3 1
10 29 128 112 void 3 1
10 30 128 112 void 3 1
10 31 128 112 void 3 1
11 0 128 112 void 3 1
11 1 128 112 void 3 1
11 2 128 112 void 3 1
11 3 128 112 void 3 1
11 4 128 112 void 3 1
11 5 128 112 void 3 1
11 6 128 112 void 3 1
11 7 128 112 void 3 1
11 8 128 112 void 3 1
11 9 128 112 void 3 1
11 10 128 112 void 3 1
11 11 128 112 void 3 1
11 12 128 112 void 3 1
11 13 128 112 void 3 1
11 14 128 112 void 3 1
11 15 128 112 void 3 1
11 16 128 112 void 3 1
11 17 128 112 void 3 1
11 18 128 112 void 3 1
11 19 128 112 void 3 1
11 20 128 112 void 3 1
11 21 128 112 void 3 1
11 22 128 112 void 3 1
11 23 128 112 void 3 1
11 24 128 112 void 3 1
11 25 128 112 void 3 1
11 26 128 112 void 3 1
11 27 128 112 void 3 1
11 28 128 112 void 3 1
11 29 128 112 void 3 1
11 30 128 112 void 3 1
11 31 128 112 void 3 1
12 0 128 112 void 3 1
12 1 128 112 void 3 1
12 2 128 112 void 3 1
12 3 128 112 void 3 1
12 4 128 112 void 3 1
12 5 128 112 void 3 1
12 6 128 112 void 3 1
12 7 128 112 void 3 1
12 8 128 112 void 3 1
12 9 128 112 void 3 1
12 10 128 112 void 3 1
12 11 128 112 void 3 1
12 12 128 112 void 3 1
12 13 128 112 void 3 1
12 14 128 112 void 3 1
12 15 128 112 void 3 1
12 16 128 112 void 3 1
12 17 128 112 void 3 1
12 18 128 112 void 3 1
12 19 128 112 void 3 1
12 20 128 112 void 3 1
12 21 128 112 void 3 1
12 22 128 112 void 3 1
12 23 128 112 void 3 1
12 24 128 112 void 3 1
12 25 128 112 void 3 1
12 26 128 112 void 3 1
12 27 128 112 void 3 1
12 28 128 112 void 3 1
12 29 128 112 void 3 1
12 30 128 112 void 3 1
12 31 128 112 void 3 1
13 0 128 112 void 3 1
13 1 128 112 void 3 1
13 2 128 112 void 3 1
13 3 128 112 void 3 1
13 4 128 112 void 3 1
13 5 128 112 void 3 1
13 6 128 112 void 3 1
13 7 128 112 void 3 1
13 8 128 112 void 3 1
13 9 128 112 void 3 1
13 10 128 112 void 3 1
13 11 128 112 void 3 1
13 12 128 112 void 3 1
13 13 128 112 void 3 1
13 14 128 112 void 3 1
13 15 128 112 void 3 1
13 16 128 112 void 3 1
13 17 128 112 void 3 1
13 18 128 112 void 3 1
13 19 128 112 void 3 1
13 20 128 112 void 3 1
13 21 128 112 void 3 1
13 22 128 112 void 3 1
13 23 128 112 void 3 1
13 24 128 112 void 3 1
13 25 128 112 void 3 1
13 26 128 112 void 3 1
13 27 128 112 void 3 1
13 28 128 112 void 3 1
13 29 128 112 void 3 1
13 30 128 112 void 3 1
13 31 128 112 void 3 1
14 0 128 112 void 3 1
14 1 128 112 void 3 1
14 2 128 112 void 3 1
14 3 128 112 void 3 1
14 4 128 112 void 3 1
14 5 128 112 void 3 1
14 6 128 112 void 3 1
14 7 128 112 void 3 1
14 8 128 112 void 3 1
14 9 128 112 void 3 1
14 10 128 112 void 3 1
14 11 128 112 void 3 1
14 12 128 112 void 3 1
14 13 128 112 void 3 1
14 14 128 112 void 3 1
14 15 128 112 void 3 1
14 16 128 112 void 3 1
14 17 128 112 void 3 1
14 18 128 112 void 3 1
14 19 128 112 void 3 1
14 20 128 112 void 3 1
14 21 128 112 void 3 1
14 22 128 112 void 3 1
14 23 128 112 void 3 1
14 24 128 112 void 3 1
14 25 128 112 void 3 1
14 26 128 112 void 3 1
14 27 128 112 void 3 1
14 28 128 112 void 3 1
14 29 128 112 void 3 1
14 30 128 112 void 3 1
14 31 128 112 void 3 1
15 0 128 112 void 3 1
15 1 128 112 void 3 1
15 2 128 112 void 3 1
15 3 128 112 void 3 1
15 4 128 112 void 3 1
15 5 128 112 void 3 1
15 6 128 112 void 3 1
15 7 128 112 void 3 1
15 8 128 112 void 3 1
15 9 128 112 void 3 1
15 10 128 112 void 3 1
15 11 128 112 void 3 1
15 12 128 112 void 3 1
15 13 128 112 void 3 1
15 14 128 112 void 3 1
15 15 128 112 void 3 1
15 16 128 112 void 3 1
15 17 128 112 void 3 1
15 18 128 112 void 3 1
15 19 128 112 void 3 1
15 20 128 112 void 3 1
15 21 128 112 void 3 1
15 22 128 112 void 3 1
15 23 128 112 void 3 1
15 24 128 112 void 3 1
15 25 128 112 void 3 1
15 26 128 112 void 3 1
15 27 128 112 void 3 1
15 28 128 112 void 3 1
15 29 128 112 void 3 1
15 30 128 112 void 3 1
15 31 128 112 void 3 1
16 0 128 112 void 3 1
16 1 128 112 void 3 1
16 2 128 112 void 3 1
16 3 128 112 void 3 1
16 4 128 112 void 3 1
16 5 128 112 void 3 1
16 6 128 112 void 3 1
16 7 128 112 void 3 1
16 8 128 112 void 3 1
16 9 128 112 void 3 1
16 10 128 112 void 3 1
16 11 128 112 void 3 1
16 12 128 112 void 3 1
16 13 128 112 void 3 1
16 14 128 112 void 3 1
16 15 128 112 void 3 1
16 16 128 112 void 3 1
16 17 128 112 void 3 1
16 18 128 112 void 3 1
16 19 128 112 void 3 1
16 20 128 112 void 3 1
16 21 128 112 void 3 1
16 22 128 112 void 3 1
16 23 128 112 void 3 1
16 24 128 112 void 3 1
16 25 128 112 void 3 1
16 26 128 112 void 3 1
16 27 128 112 void 3 1
16 28 128 112 void 3 1
16 29 128 112 void 3 1
16 30 128 112 void 3 1
16 31 128 112 void 3 1
17 0 128 112 void 3 1
17 1 128 112 void 3 1
17 2 128 112 void 3 1
17 3 128 112 void 3 1
17 4 128 112 void 3 1
17 5 128 112 void 3 1
17 6 128 112 void 3 1
17 7 128 112 void 3 1
17 8 128 112 void 3 1
17 9 128 112 void 3 1
17 10 128 112 void 3 1
17 11 128 112 void 3 1
17 12 128 112 void 3 1
17 13 128 112 void 3 1
17 14 128 112 void 3 1
17 15 128 112 void 3 1
17 16 128 112 void 3 1
17 17 128 112 void 3 1
17 18 128 112 void 3 1
17 19 128 112 void 3 1
17 20 128 112 void 3 1
17 21 128 112 void 3 1
17 22 128 112 void 3 1
17 23 128 112 void 3 1
17 24 128 112 void 3 1
17 25 128 112 void 3 1
17 26 128 112 void 3 1
17 27 128 112 void 3 1
17 28 128 112 void 3 1
17 29 128 112 void 3 1
17 30 128 112 void 3 1
17 31 128 112 void 3 1
18 0 128 112 void 3 1
18 1 128 112 void 3 1
18 2 128 112 void 3 1
18 3 128 112 void 3 1
18 4 128 112 void 3 1
18 5 128 112 void 3 1
18 6 128 112 void 3 1
18 7 128 112 void 3 1
18 8 128 112 void 3 1
18 9 128 112 void 3 1
18 10 128 112 void 3 1
18 11 128 112 void 3 1
18 12 128 112 void 3 1
18 13 128 112 void 3 1
18 14 128 112 void 3 1
18 15 128 112 void 3 1
18 16 128 112 void 3 1
18 17 128 112 void 3 1
18 18 128 112 void 3 1
18 19 128 112 void 3 1
18 20 128 112 void 3 1
18 21 128 112 void 3 1
18 22 128 112 void 3 1
18 23 128 112 void 3 1
18 24 128 112 void 3 1
18 25 128 112 void 3 1
18 26 128 112 void 3 1
18 27 128 112 void 3 1
18 28 128 112 void 3 1
18 29 128 112 void 3 1
18 30 128 112 void 3 1
18 31 128 112 void 3 1
19 0 128 112 void 3 1
19 1 128 112 void 3 1
19 2 128 112 void 3 1
19 3 128 112 void 3 1
19 4 128 112 void 3 1
19 5 128 112 void 3 1
19 6 128 112 void 3 1
19 7 128 112 void 3 1
19 8 128 112 void 3 1
19 9 128 112 void 3 1
19 10 128 112 void 3 1
19 11 128 112 void 3 1
19 12 128 112 void 3 1
19 13 128 112 void 3 1
19 14 128 112 void 3 1
19 15 128 112 void 3 1
19 16 128 112 void 3 1
19 17 128 112 void 3 1
19 18 128 112 void 3 1
19 19 128 112 void 3 1
19 20 128 112 void 3 1
19 21 128 112 void 3 1
19 22 128 112 void 3 1
19 23 128 112 void 3 1
19 24 128 112 void 3 1
19 25 128 112 void 3 1
19 26 128 112 void 3 1
19 27 128 112 void 3 1
19 28 128 112 void 3 1
19 29 128 112 void 3 1
19 30 128 112 void 3 1
19 31 128 112 void 3 1
20 0 128 112 void 3 1
20 1 128 112 void 3 1
20 2 128 112 void 3 1
20 3 128 112 void 3 1
20 4 128 112 void 3 1
20 5 128 112 void 3 1
20 6 128 112 void 3 1
20 7 128 112 void 3 1
20 8 128 112 void 3 1
20 9 128 112 void 3 1
20 10 128 112 void 3 1
20 11 128 112 void 3 1
20 12 128 112 void 3 1
20 13 128 112 void 3 1
20 14 128 112 void 3 1
20 15 128 112 void 3 1
20 16 128 112 void 3 1
20 17 128 112 void 3 1
20 18 128 112 void 3 1
20 19 128 112 void 3 1
20 20 128 112 void 3 1
20 21 128 112 void 3 1
20 22 128 112 void 3 1
20 23 128 112 void 3 1
20 24 128 112 void 3 1
20 25 128 112 void 3 1
20 26 128 112 void 3 1
20 27 128 112 void 3 1
20 28 128 112 void 3 1
20 29 128 112 void 3 1
20 30 128 112 void 3 1
20 31 128 112 void 3 1
21 0 128 112 void 3 1
21 1 128 112 void 3 1
21 2 128 112 void 3 1
21 3 128 112 void 3 1
21 4 128 112 void 3 1
21 5 128 112 void 3 1
21 6 128 112 void 3 1
21 7 128 112 void 3 1
21 8 128 112 void 3 1
21 9 128 112 void 3 1
21 10 128 112 void 3 1
21 11 128 112 void 3 1
21 12 128 112 void 3 1
21 13 128 112 void 3 1
21 14 128 112 void 3 1
21 15 128 112 void 3 1
21 16 128 112 void 3 1
21 17 128 112 void 3 1
21 18 128 112 void 3 1
21 19 128 112 void 3 1
21 20 128 112 void 3 1
21 21 128 112 void 3 1
21 22 128 112 void 3 1
21 23 128 112 void 3 1
21 24 128 112 void 3 1
21 25 128 112 void 3 1
21 26 128 112 void 3 1
21 27 128 112 void 3 1
21 28 128 112 void 3 1
21 29 128 112 void 3 1
21 30 128 112 void 3 1
21 31 128 112 void 3 1
22 0 128 112 void 3 1
22 1 128 112 void 3 1
22 2 128 112 void 3 1
22 3 128 112 void 3 1
22 4 128 112 void 3 1
22 5 128 112 void 3 1
22 6 128 112 void 3 1
22 7 128 112 void 3 1
22 8 128 112 void 3 1
22 9 128 112 void 3 1
22 10 128 112 void 3 1
22 11 128 112 void 3 1
22 12 128 112 void 3 1
22 13 128 112 void 3 1
22 14 128 112 void 3 1
22 15 128 112 void 3 1
22 16 128 112 void 3 1
22 17 128 112 void 3 1
22 18 128 112 void 3 1
22 19 128 112 void 3 1
22 20 128 112 void 3 1
22 21 128 112 void 3 1
22 22 128 112 void 3 1
22 23 128 112 void 3 1
22 24 128 112 void 3 1
22 25 128 112 void 3 1
22 26 128 112 void 3 1
22 27 128 112 void 3 1
22 28 128 112 void 3 1
22 29 128 112 void 3 1
22 30 128 112 void 3 1
22 31 128 112 void 3 1
23 0 128 112 void 3 1
23 1 128 112 void 3 1
23 2 128 112 void 3 1
23 3 128 112 void 3 1
23 4 128 112 void 3 1
23 5 128 112 void 3 1
23 6 128 112 void 3 1
23 7 128 112 void 3 1
23 8 128 112 void 3 1
23 9 128 112 void 3 1
23 10 128 112 void 3 1
23 11 128 112 void 3 1
23 12 128 112 void 3 1
23 13 128 112 void 3 1
23 14 128 112 void 3 1
23 15 128 112 void 3 1
23 16 128 112 void 3 1
23 17 128 112 void 3 1
23 18 128 112 void 3 1
23 19 128 112 void 3 1
23 20 128 112 void 3 1
23 21 128 112 void 3 1
23 22 128 112 void 3 1
23 23 128 112 void 3 1
23 24 128 112 void 3 1
23 25 128 112 void 3 1
23 26 128 112 void 3 1
23 27 128 112 void 3 1
23 28 128 112 void 3 1
23 29 128 112 void 3 1
23 30 128 112 void 3 1
23 31 128 112 void 3 1
24 0 128 112 void 3 1
24 1 128 112 void 3 1
24 2 128 112 void 3 1
24 3 128 112 void 3 1
24 4 128 112 void 3 1
24 5 128 112 void 3 1
24 6 128 112 void 3 1
24 7 128 112 void 3 1
24 8 128 112 void 3 1
24 9 128 112 void 3 1
24 10 128 112 void 3 1
24 11 128 112 void 3 1
24 12 128 112 void 3 1
24 13 128 112 void 3 1
24 14 128 112 void 3 1
24 15 128 112 void 3 1
24 16 128 112 void 3 1
24 17 128 112 void 3 1
24 18 128 112 void 3 1
24 19 128 112 void 3 1
24 20 128 112 void 3 1
24 21 128 112 void 3 1
24 22 128 112 void 3 1
24 23 128 112 void 3 1
24 24 128 112 void 3 1
24 25 128 112 void 3 1
24 26 128 112 void 3 1
24 27 128 112 void 3 1
24 28 128 112 void 3 1
24 29 128 112 void 3 1
24 30 128 112 void 3 1
24 31 128 112 void 3 1
25 0 128 112 void 3 1
25 1 128 112 void 3 1
25 2 128 112 void 3 1
25 3 128 112 void 3 1
25 4 128 112 void 3 1
25 5 128 112 void 3 1
25 6 128 112 void 3 1
25 7 128 112 void 3 1
25 8 128 112 void 3 1
25 9 128 112 void 3 1
25 10 128 112 void 3 1
25 11 128 112 void 3 1
25 12 128 112 void 3 1
25 13 128 112 void 3 1
25 14 128 112 void 3 1
25 15 128 112 void 3 1
25 16 128 112 void 3 1
25 17 128 112 void 3 1
25 18 128 112 void 3 1
25 19 128 112 void 3 1
25 20 128 112 void 3 1
25 21 128 112 void 3 1
25 22 128 112 void 3 1
25 23 128 112 void 3 1
25 24 128 112 void 3 1
25 25 128 112 void 3 1
25 26 128 112 void 3 1
25 27 128 112 void 3 1
25 28 128 112 void 3 1
25 29 128 112 void 3 1
25 30 128 112 void 3 1
25 31 128 112 void 3 1
26 0 128 112 void 3 1
26 1 128 112 void 3 1
26 2 128 112 void 3 1
26 3 128 112 void 3 1
26 4 128 112 void 3 1
26 5 128 112 void 3 1
26 6 128 112 void 3 1
26 7 128 112 void 3 1
26 8 128 112 void 3 1
26 9 128 112 void 3 1
26 10 128 112 void 3 1
26 11 128 112 void 3 1
26 12 128 112 void 3 1
26 13 128 112 void 3 1
26 14 128 112 void 3 1
26 15 128 112 void 3 1
26 16 128 112 void 3 1
26 17 128 112 void 3 1
26 18 128 112 void 3 1
26 19 128 112 void 3 1
26 20 128 112 void 3 1
26 21 128 112 void 3 1
26 22 128 112 void 3 1
26 23 128 112 void 3 1
26 24 128 112 void 3 1
26 25 128 112 void 3 1
26 26 128 112 void 3 1
26 27 128 112 void 3 1
26 28 128 112 void 3 1
26 29 128 112 void 3 1
26 30 128 112 void 3 1
26 31 128 112 void 3 1
27 0 128 112 void 3 1
27 1 128 112 void 3 1
27 2 128 112 void 3 1
27 3 128 112 void 3 1
27 4 128 112 void 3 1
27 5 128 112 void 3 1
27 6 128 112 void 3 1
27 7 128 112 void 3 1
27 8 128 112 void 3 1
27 9 128 112 void 3 1
27 10 128 112 void 3 1
27 11 128 112 void 3 1
27 12 128 112 void 3 1
27 13 128 112 void 3 1
27 14 128 112 void 3 1
27 15 128 112 void 3 1
27 16 128 112 void 3 1
27 17 128 112 void 3 1
27 18 128 112 void 3 1
27 19 128 112 void 3 1
27 20 128 112 void 3 1
27 21 128 112 void 3 1
27 22 128 112 void 3 1
27 23 128 112 void 3 1
27 24 128 112 void 3 1
27 25 128 112 void 3 1
27 26 128 112 void 3 1
27 27 128 112 void 3 1
27 28 128 112 void 3 1
27 29 128 112 void 3 1
27 30 128 112 void 3 1
27 31 128 112 void 3 1
28 0 128 112 void 3 1
28 1 128 112 void 3 1
28 2 128 112 void 3 1
28 3 128 112 void 3 1
28 4 128 112 void 3 1
28 5 128 112 void 3 1
28 6 128 112 void 3 1
28 7 128 112 void 3 1
28 8 128 112 void 3 1
28 9 128 112 void 3 1
28 10 128 112 void 3 1
28 11 128 112 void 3 1
28 12 128 112 void 3 1
28 13 128 112 void 3 1
28 14 128 112 void 3 1
28 15 128 112 void 3 1
28 16 128 112 void 3 1
28 17 128 112 void 3 1
28 18 128 112 void 3 1
28 19 128 112 void 3 1
28 20 128 112 void 3 1
28 21 128 112 void 3 1
28 22 128 112 void 3 1
28 23 128 112 void 3 1
28 24 128 112 void 3 1
28 25 128 112 void 3 1
28 26 128 112 void 3 1
28 27 128 112 void 3 1
28 28 128 112 void 3 1
28 29 128 112 void 3 1
28 30 128 112 void 3 1
28 31 128 112 void 3 1
29 0 128 112 void 3 1
29 1 128 112 void 3 1
29 2 128 112 void 3 1
29 3 128 112 void 3 1
29 4 128 112 void 3 1
29 5 128 112 void 3 1
29 6 128 112 void 3 1
29 7 128 112 void 3 1
29 8 128 112 void 3 1
29 9 128 112 void 3 1
29 10 128 112 void 3 1
29 11 128 112 void 3 1
29 12 128 112 void 3 1
29 13 128 112 void 3 1
29 14 128 112 void 3 1
29 15 128 112 void 3 1
29 16 128 112 void 3 1
29 17 128 112 void 3 1
29 18 128 112 void 3 1
29 19 128 112 void 3 1
29 20 128 112 void 3 1
29 21 128 112 void 3 1
29 22 128 112 void 3 1
29 23 128 112 void 3 1
29 24 128 112 void 3 1
29 25 128 112 void 3 1
29 26 128 112 void 3 1
29 27 128 112 void 3 1
29 28 128 112 void 3 1
29 29 128 112 void 3 1
29 30 128 112 void 3 1
29 31 128 112 void 3 1
30 0 128 112 void 3 1
30 1 128 112 void 3 1
30 2 128 112 void 3 1
30 3 128 112 void 3 1
30 4 128 112 void 3 1
30 5 128 112 void 3 1
30 6 128 112 void 3 1
30 7 128 112 void 3 1
30 8 128 112 void 3 1
30 9 128 112 void 3 1
30 10 128 112 void 3 1
30 11 128 112 void 3 1
30 12 128 112 void 3 1
30 13 128 112 void 3 1
30 14 128 112 void 3 1
30 15 128 112 void 3 1
30 16 128 112 void 3 1
30 17 128 112 void 3 1
30 18 128 112 void 3 1
30 19 128 112 void 3 1
30 20 128 112 void 3 1
30 21 128 112 void 3 1
30 22 128 112 void 3 1
30 23 128 112 void 3 1
30 24 128 112 void 3 1
30 25 128 112 void 3 1
30 26 128 112 void 3 1
30 27 128 112 void 3 1
30 28 128 112 void 3 1
30 29 128 112 void 3 1
30 30 128 112 void 3 1
30 31 128 112 void 3 1
31 0 128 112 void 3 1
31 1 128 112 void 3 1
31 2 128 112 void 3 1
31 3 128 112 void 3 1
31 4 128 112 void 3 1
31 5 128 112 void 3 1
31 6 128 112 void 3 1
31 7 128 112 void 3 1
31 8 128 112 void 3 1
31 9 128 112 void 3 1
31 10 128 112 void 3 1
31 11 128 112 void 3 1
31 12 128 112 void 3 1
31 13 128 112 void 3 1
31 14 128 112 void 3 1
31 15 128 112 void 3 1
31 16 128 112 void 3 1
31 17 128 112 void 3 1
31 18 128 112 void 3 1
31 19 128 112 void 3 1
31 20 128 112 void 3 1
31 21 128 112 void 3 1
31 22 128 112 void 3 1
31 23 128 112 void 3 1
31 24 128 112 void 3 1
31 25 128 112 void 3 1
31 26 128 112 void 3 1
31 27 128 112 void 3 1
31 28 128 112 void 3 1
31 29 128 112 void 3 1
31 30 128 112 void 3 1
31 31 128 112 void 3 1
