7 6 64 96 base_floor 3 1 224 256
7 7 64 96 base_floor 3 1 224 288
7 8 64 96 base_floor 3 1 224 320
7 9 64 96 base_floor 3 1 224 352
7 10 64 96 base_floor 3 1 224 384
7 11 64 96 base_floor 3 1 224 416
7 12 64 96 base_floor 3 1 224 448
7 13 64 96 base_floor 3 1 224 480
7 14 64 96 base_floor 3 1 224 512
7 15 64 96 base_floor 3 1 224 544
7 16 64 96 base_floor 3 1 224 576
7 17 64 96 base_floor 3 1 224 608
7 18 64 96 base_floor 3 1 224 640
7 19 64 96 base_floor 3 1 224 672
7 20 64 96 base_floor 3 1 224 704
7 21 64 96 base_floor 3 1 224 736
7 22 64 96 base_floor 3 1 224 768
8 6 64 96 base_floor 3 1 256 256
8 7 64 96 base_floor 3 1 256 288
8 8 64 96 base_floor 3 1 256 320
8 9 64 96 base_floor 3 1 256 352
8 10 64 96 base_floor 3 1 256 384
8 11 64 96 base_floor 3 1 256 416
8 12 64 96 base_floor 3 1 256 448
8 13 64 96 base_floor 3 1 256 480
8 14 64 96 base_floor 3 1 256 512
8 15 64 96 base_floor 3 1 256 544
8 16 64 96 base_floor 3 1 256 576
8 17 64 96 base_floor 3 1 256 608
8 18 64 96 base_floor 3 1 256 640
8 19 64 96 base_floor 3 1 256 672
8 20 64 96 base_floor 3 1 256 704
8 21 64 96 base_floor 3 1 256 736
8 22 64 96 base_floor 3 1 256 768
9 6 64 96 base_floor 3 1 288 256
9 7 64 96 base_floor 3 1 288 288
9 8 64 96 base_floor 3 1 288 320
9 9 64 96 base_floor 3 1 288 352
9 10 64 96 base_floor 3 1 288 384
9 11 64 96 base_floor 3 1 288 416
9 12 64 96 base_floor 3 1 288 448
9 13 64 96 base_floor 3 1 288 480
9 14 64 96 base_floor 3 1 288 512
9 15 64 96 base_floor 3 1 288 544
9 16 64 96 base_floor 3 1 288 576
9 17 64 96 base_floor 3 1 288 608
9 18 64 96 base_floor 3 1 288 640
9 19 64 96 base_floor 3 1 288 672
9 20 64 96 base_floor 3 1 288 704
9 21 64 96 base_floor 3 1 288 736
9 22 64 96 base_floor 3 1 288 768
10 6 64 96 base_floor 3 1 320 256
10 7 64 96 base_floor 3 1 320 288
10 8 64 96 base_floor 3 1 320 320
10 9 64 96 base_floor 3 1 320 352
10 10 64 96 base_floor 3 1 320 384
10 11 64 96 base_floor 3 1 320 416
10 12 64 96 base_floor 3 1 320 448
10 13 64 96 base_floor 3 1 320 480
10 14 64 96 base_floor 3 1 320 512
10 15 64 96 base_floor 3 1 320 544
10 16 64 96 base_floor 3 1 320 576
10 17 64 96 base_floor 3 1 320 608
10 18 64 96 base_floor 3 1 320 640
10 19 64 96 base_floor 3 1 320 672
10 20 64 96 base_floor 3 1 320 704
10 21 64 96 base_floor 3 1 320 736
10 22 64 96 base_floor 3 1 320 768
11 6 64 96 base_floor 3 1 352 256
11 7 64 96 base_floor 3 1 352 288
11 8 64 96 base_floor 3 1 352 320
11 9 64 96 base_floor 3 1 352 352
11 10 64 96 base_floor 3 1 352 384
11 11 64 96 base_floor 3 1 352 416
11 12 64 96 base_floor 3 1 352 448
11 13 64 96 base_floor 3 1 352 480
11 14 64 96 base_floor 3 1 352 512
11 15 64 96 base_floor 3 1 352 544
11 16 64 96 base_floor 3 1 352 576
11 17 64 96 base_floor 3 1 352 608
11 18 64 96 base_floor 3 1 352 640
11 19 64 96 base_floor 3 1 352 672
11 20 64 96 base_floor 3 1 352 704
11 21 64 96 base_floor 3 1 352 736
11 22 64 96 base_floor 3 1 352 768
12 6 64 96 base_floor 3 1 384 256
12 7 64 96 base_floor 3 1 384 288
12 8 64 96 base_floor 3 1 384 320
12 9 64 96 base_floor 3 1 384 352
12 10 64 96 base_floor 3 1 384 384
12 11 64 96 base_floor 3 1 384 416
12 12 64 96 base_floor 3 1 384 448
12 13 64 96 base_floor 3 1 384 480
12 14 64 96 base_floor 3 1 384 512
12 15 64 96 base_floor 3 1 384 544
12 16 64 96 base_floor 3 1 384 576
12 17 64 96 base_floor 3 1 384 608
12 18 64 96 base_floor 3 1 384 640
12 19 64 96 base_floor 3 1 384 672
12 20 64 96 base_floor 3 1 384 704
12 21 64 96 base_floor 3 1 384 736
12 22 64 96 base_floor 3 1 384 768
13 6 64 96 base_floor 3 1 416 256
13 7 64 96 base_floor 3 1 416 288
13 8 64 96 base_floor 3 1 416 320
13 9 64 96 base_floor 3 1 416 352
13 10 64 96 base_floor 3 1 416 384
13 11 64 96 base_floor 3 1 416 416
13 12 64 96 base_floor 3 1 416 448
13 13 64 96 base_floor 3 1 416 480
13 14 64 96 base_floor 3 1 416 512
13 15 64 96 base_floor 3 1 416 544
13 16 64 96 base_floor 3 1 416 576
13 17 64 96 base_floor 3 1 416 608
13 18 64 96 base_floor 3 1 416 640
13 19 64 96 base_floor 3 1 416 672
13 20 64 96 base_floor 3 1 416 704
13 21 64 96 base_floor 3 1 416 736
13 22 64 96 base_floor 3 1 416 768
14 6 64 96 base_floor 3 1 448 256
14 7 64 96 base_floor 3 1 448 288
14 8 64 96 base_floor 3 1 448 320
14 9 64 96 base_floor 3 1 448 352
14 10 64 96 base_floor 3 1 448 384
14 11 64 96 base_floor 3 1 448 416
14 12 64 96 base_floor 3 1 448 448
14 13 64 96 base_floor 3 1 448 480
14 14 64 96 base_floor 3 1 448 512
14 15 64 96 base_floor 3 1 448 544
14 16 64 96 base_floor 3 1 448 576
14 17 64 96 base_floor 3 1 448 608
14 18 64 96 base_floor 3 1 448 640
14 19 64 96 base_floor 3 1 448 672
14 20 64 96 base_floor 3 1 448 704
14 21 64 96 base_floor 3 1 448 736
14 22 64 96 base_floor 3 1 448 768
15 6 64 96 base_floor 3 1 480 256
15 7 64 96 base_floor 3 1 480 288
15 8 64 96 base_floor 3 1 480 320
15 9 64 96 base_floor 3 1 480 352
15 10 64 96 base_floor 3 1 480 384
15 11 64 96 base_floor 3 1 480 416
15 12 64 96 base_floor 3 1 480 448
15 13 64 96 base_floor 3 1 480 480
15 14 64 96 base_floor 3 1 480 512
15 15 64 96 base_floor 3 1 480 544
15 16 64 96 base_floor 3 1 480 576
15 17 64 96 base_floor 3 1 480 608
15 18 64 96 base_floor 3 1 480 640
15 19 64 96 base_floor 3 1 480 672
15 20 64 96 base_floor 3 1 480 704
15 21 64 96 base_floor 3 1 480 736
15 22 64 96 base_floor 3 1 480 768
16 6 64 96 base_floor 3 1 512 256
16 7 64 96 base_floor 3 1 512 288
16 8 64 96 base_floor 3 1 512 320
16 9 64 96 base_floor 3 1 512 352
16 10 64 96 base_floor 3 1 512 384
16 11 64 96 base_floor 3 1 512 416
16 12 64 96 base_floor 3 1 512 448
16 13 64 96 base_floor 3 1 512 480
16 14 64 96 base_floor 3 1 512 512
16 15 64 96 base_floor 3 1 512 544
16 16 64 96 base_floor 3 1 512 576
16 17 64 96 base_floor 3 1 512 608
16 18 64 96 base_floor 3 1 512 640
16 19 64 96 base_floor 3 1 512 672
16 20 64 96 base_floor 3 1 512 704
16 21 64 96 base_floor 3 1 512 736
16 22 64 96 base_floor 3 1 512 768
17 6 64 96 base_floor 3 1 544 256
17 7 64 96 base_floor 3 1 544 288
17 8 64 96 base_floor 3 1 544 320
17 9 64 96 base_floor 3 1 544 352
17 10 64 96 base_floor 3 1 544 384
17 11 64 96 base_floor 3 1 544 416
17 12 64 96 base_floor 3 1 544 448
17 13 64 96 base_floor 3 1 544 480
17 14 64 96 base_floor 3 1 544 512
17 15 64 96 base_floor 3 1 544 544
17 16 64 96 base_floor 3 1 544 576
17 17 64 96 base_floor 3 1 544 608
17 18 64 96 base_floor 3 1 544 640
17 19 64 96 base_floor 3 1 544 672
17 20 64 96 base_floor 3 1 544 704
17 21 64 96 base_floor 3 1 544 736
17 22 64 96 base_floor 3 1 544 768
18 6 64 96 base_floor 3 1 576 256
18 7 64 96 base_floor 3 1 576 288
18 8 64 96 base_floor 3 1 576 320
18 9 64 96 base_floor 3 1 576 352
18 10 64 96 base_floor 3 1 576 384
18 11 64 96 base_floor 3 1 576 416
18 12 64 96 base_floor 3 1 576 448
18 13 64 96 base_floor 3 1 576 480
18 14 64 96 base_floor 3 1 576 512
18 15 64 96 base_floor 3 1 576 544
18 16 64 96 base_floor 3 1 576 576
18 17 64 96 base_floor 3 1 576 608
18 18 64 96 base_floor 3 1 576 640
18 19 64 96 base_floor 3 1 576 672
18 20 64 96 base_floor 3 1 576 704
18 21 64 96 base_floor 3 1 576 736
18 22 64 96 base_floor 3 1 576 768
19 6 64 96 base_floor 3 1 608 256
19 7 64 96 base_floor 3 1 608 288
19 8 64 96 base_floor 3 1 608 320
19 9 64 96 base_floor 3 1 608 352
19 10 64 96 base_floor 3 1 608 384
19 11 64 96 base_floor 3 1 608 416
19 12 64 96 base_floor 3 1 608 448
19 13 64 96 base_floor 3 1 608 480
19 14 64 96 base_floor 3 1 608 512
19 15 64 96 base_floor 3 1 608 544
19 16 64 96 base_floor 3 1 608 576
19 17 64 96 base_floor 3 1 608 608
19 18 64 96 base_floor 3 1 608 640
19 19 64 96 base_floor 3 1 608 672
19 20 64 96 base_floor 3 1 608 704
19 21 64 96 base_floor 3 1 608 736
19 22 64 96 base_floor 3 1 608 768
20 6 64 96 base_floor 3 1 640 256
20 7 64 96 base_floor 3 1 640 288
20 8 64 96 base_floor 3 1 640 320
20 9 64 96 base_floor 3 1 640 352
20 10 64 96 base_floor 3 1 640 384
20 11 64 96 base_floor 3 1 640 416
20 12 64 96 base_floor 3 1 640 448
20 13 64 96 base_floor 3 1 640 480
20 14 64 96 base_floor 3 1 640 512
20 15 64 96 base_floor 3 1 640 544
20 16 64 96 base_floor 3 1 640 576
20 17 64 96 base_floor 3 1 640 608
20 18 64 96 base_floor 3 1 640 640
20 19 64 96 base_floor 3 1 640 672
20 20 64 96 base_floor 3 1 640 704
20 21 64 96 base_floor 3 1 640 736
20 22 64 96 base_floor 3 1 640 768
21 6 64 96 base_floor 3 1 672 256
21 7 64 96 base_floor 3 1 672 288
21 8 64 96 base_floor 3 1 672 320
21 9 64 96 base_floor 3 1 672 352
21 10 64 96 base_floor 3 1 672 384
21 11 64 96 base_floor 3 1 672 416
21 12 64 96 base_floor 3 1 672 448
21 13 64 96 base_floor 3 1 672 480
21 14 64 96 base_floor 3 1 672 512
21 15 64 96 base_floor 3 1 672 544
21 16 64 96 base_floor 3 1 672 576
21 17 64 96 base_floor 3 1 672 608
21 18 64 96 base_floor 3 1 672 640
21 19 64 96 base_floor 3 1 672 672
21 20 64 96 base_floor 3 1 672 704
21 21 64 96 base_floor 3 1 672 736
21 22 64 96 base_floor 3 1 672 768
22 6 64 96 base_floor 3 1 704 256
22 7 64 96 base_floor 3 1 704 288
22 8 64 96 base_floor 3 1 704 320
22 9 64 96 base_floor 3 1 704 352
22 10 64 96 base_floor 3 1 704 384
22 11 64 96 base_floor 3 1 704 416
22 12 64 96 base_floor 3 1 704 448
22 13 64 96 base_floor 3 1 704 480
22 14 64 96 base_floor 3 1 704 512
22 15 64 96 base_floor 3 1 704 544
22 16 64 96 base_floor 3 1 704 576
22 17 64 96 base_floor 3 1 704 608
22 18 64 96 base_floor 3 1 704 640
22 19 64 96 base_floor 3 1 704 672
22 20 64 96 base_floor 3 1 704 704
22 21 64 96 base_floor 3 1 704 736
22 22 64 96 base_floor 3 1 704 768
23 6 64 96 base_floor 3 1 736 256
23 7 64 96 base_floor 3 1 736 288
23 8 64 96 base_floor 3 1 736 320
23 9 64 96 base_floor 3 1 736 352
23 10 64 96 base_floor 3 1 736 384
23 11 64 96 base_floor 3 1 736 416
23 12 64 96 base_floor 3 1 736 448
23 13 64 96 base_floor 3 1 736 480
23 14 64 96 base_floor 3 1 736 512
23 15 64 96 base_floor 3 1 736 544
23 16 64 96 base_floor 3 1 736 576
23 17 64 96 base_floor 3 1 736 608
23 18 64 96 base_floor 3 1 736 640
23 19 64 96 base_floor 3 1 736 672
23 20 64 96 base_floor 3 1 736 704
23 21 64 96 base_floor 3 1 736 736
23 22 64 96 base_floor 3 1 736 768
24 6 64 96 base_floor 3 1 768 256
24 7 64 96 base_floor 3 1 768 288
24 8 64 96 base_floor 3 1 768 320
24 9 64 96 base_floor 3 1 768 352
24 10 64 96 base_floor 3 1 768 384
24 11 64 96 base_floor 3 1 768 416
24 12 64 96 base_floor 3 1 768 448
24 13 64 96 base_floor 3 1 768 480
24 14 64 96 base_floor 3 1 768 512
24 15 64 96 base_floor 3 1 768 544
24 16 64 96 base_floor 3 1 768 576
24 17 64 96 base_floor 3 1 768 608
24 18 64 96 base_floor 3 1 768 640
24 19 64 96 base_floor 3 1 768 672
24 20 64 96 base_floor 3 1 768 704
24 21 64 96 base_floor 3 1 768 736
24 22 64 96 base_floor 3 1 768 768
